
 0.000009
 0.000014 0.000272
 0.000014 0.000197 0.000219
 0.000014 0.000000 0.000000 0.000421
 0.000091 0.000011 0.000006 0.000020 0.000053
 0.000015 0.000321 0.000390 0.000235 0.000005 0.000012
 0.000172 0.000014 0.000015 0.000026 0.000073 0.000101 0.000016
 0.000015 0.000170 0.000248 0.000680 0.000000 0.000015 0.000252 0.000028
 0.000028 0.000171 0.000237 0.000297 0.000034 0.000016 0.000232 0.000120 0.000346
 0.000056 0.000060 0.000078 0.000315 0.000000 0.000035 0.000091 0.000100 0.000240 0.000151
 0.000111 0.000054 0.000034 0.000029 0.000032 0.000099 0.000060 0.000104 0.000045 0.000033 0.000079
 0.000273 0.000038 0.000052 0.000055 0.000208 0.000053 0.000055 0.000132 0.000060 0.000105 0.000147 0.000119
 0.000109 0.000026 0.000018 0.000025 0.000160 0.000196 0.000033 0.000124 0.000021 0.000027 0.000056 0.000151 0.000093
 0.000041 0.000174 0.000255 0.000335 0.000091 0.000023 0.000229 0.000060 0.000392 0.000550 0.000269 0.000043 0.000143 0.000033
 0.000102 0.000062 0.000031 0.000035 0.000092 0.000143 0.000060 0.000098 0.000034 0.000036 0.000083 0.000192 0.000111 0.000298 0.000045
 0.000036 0.000202 0.000398 0.000403 0.000000 0.000010 0.000287 0.000048 0.000447 0.000628 0.000187 0.000033 0.000144 0.000023 0.000818 0.000035
 0.000291 0.000026 0.000028 0.000041 0.000528 0.000204 0.000035 0.000353 0.000051 0.000089 0.000199 0.000141 0.000289 0.000157 0.000165 0.000136 0.000080
 0.000020 0.000414 0.000363 0.000286 0.000000 0.000017 0.000388 0.000036 0.000285 0.000279 0.000129 0.000065 0.000074 0.000065 0.000282 0.000078 0.000368 0.000057
 0.000160 0.000054 0.000058 0.000046 0.000082 0.000167 0.000124 0.000169 0.000049 0.000056 0.000096 0.000242 0.000179 0.000219 0.000059 0.000272 0.000044 0.000203 0.000091
 0.000065 0.000135 0.000121 0.000096 0.000000 0.000113 0.000163 0.000083 0.000113 0.000187 0.000203 0.000150 0.000150 0.000220 0.000170 0.000226 0.000128 0.000154 0.000325 0.000227
 0.000157 0.000042 0.000037 0.000038 0.000142 0.000053 0.000057 0.000157 0.000042 0.000039 0.000092 0.000284 0.000194 0.000243 0.000063 0.000328 0.000048 0.000231 0.000086 0.000358 0.000226
 0.000033 0.000339 0.000457 0.000373 0.000021 0.000017 0.000527 0.000033 0.000422 0.000465 0.000138 0.000075 0.000117 0.000041 0.000496 0.000059 0.000690 0.000067 0.000476 0.000098 0.000231 0.000082
 0.000178 0.000035 0.000024 0.000035 0.000285 0.000334 0.000043 0.000220 0.000041 0.000049 0.000099 0.000214 0.000158 0.000316 0.000058 0.000275 0.000036 0.000286 0.000100 0.000327 0.000277 0.000378 0.000068
 0.000023 0.000675 0.000457 0.000361 0.000000 0.000018 0.000632 0.000035 0.000488 0.000398 0.000186 0.000391 0.000102 0.000062 0.000413 0.000114 0.000486 0.000055 0.000669 0.000144 0.000372 0.000127 0.001092 0.000079
 0.000028 0.000610 0.000534 0.000814 0.000000 0.000124 0.000572 0.000031 0.000711 0.000407 0.000182 0.000065 0.000042 0.000037 0.000537 0.000060 0.000620 0.000045 0.000757 0.000088 0.000307 0.000060 0.000822 0.000072 0.001041
 0.000236 0.000032 0.000032 0.000111 0.000448 0.000263 0.000042 0.000272 0.000901 0.000066 0.000276 0.000227 0.000178 0.000224 0.000107 0.000182 0.000042 0.000521 0.000061 0.000317 0.000213 0.000259 0.000071 0.000470 0.000109 0.000095
 0.000000 0.000000 0.000000 0.000000 0.000000 0.000000 0.000000 0.000000 0.000000 0.000000 0.000000 0.000000 0.000000 0.000000 0.000000 0.000545 0.000000 0.000481 0.000000 0.000000 0.000000 0.000000 0.000000 0.000544 0.000000 0.000000 0.000000
 0.000346 0.000071 0.000078 0.000073 0.000413 0.000305 0.000120 0.000307 0.000096 0.000107 0.000185 0.000361 0.000342 0.000304 0.000117 0.000320 0.000096 0.000401 0.000129 0.000483 0.000324 0.000450 0.000315 0.000492 0.000238 0.000118 0.000534 0.000000
 0.000319 0.000085 0.000139 0.000065 0.000000 0.000118 0.000140 0.000339 0.000066 0.000101 0.000229 0.000378 0.000407 0.000347 0.000111 0.000449 0.000086 0.000409 0.000162 0.000710 0.000427 0.000847 0.000154 0.000580 0.000181 0.000104 0.000399 0.000000 0.000790
 0.000094 0.000228 0.000134 0.000322 0.000000 0.000788 0.000206 0.000150 0.000230 0.000182 0.000429 0.000284 0.000232 0.000199 0.000221 0.000256 0.000185 0.000199 0.000286 0.000334 0.000829 0.000355 0.000238 0.000333 0.000532 0.002386 0.000234 0.000000 0.000402 0.000624
 0.000028 0.000622 0.000740 0.000599 0.000000 0.000035 0.000722 0.000045 0.000713 0.000562 0.000177 0.000085 0.000121 0.000062 0.000587 0.000082 0.000716 0.000073 0.001452 0.000116 0.000415 0.000107 0.000994 0.000237 0.001263 0.001818 0.000121 0.000000 0.000185 0.000156 0.000620
 0.000420 0.000069 0.000055 0.000094 0.000117 0.000273 0.000087 0.000374 0.000081 0.000089 0.000289 0.000359 0.000361 0.000261 0.000133 0.000297 0.000114 0.000675 0.000108 0.000580 0.000293 0.000526 0.000160 0.000529 0.000169 0.000108 0.000759 0.000000 0.001121 0.000857 0.000418 0.000171
 0.000065 0.000474 0.000345 0.000637 0.000000 0.000448 0.000540 0.000071 0.000558 0.000359 0.000420 0.000230 0.000215 0.000125 0.000462 0.000178 0.000344 0.000127 0.000653 0.000254 0.000811 0.000170 0.000556 0.000266 0.000891 0.004585 0.000329 0.000000 0.000334 0.000276 0.006435 0.001103 0.000302
 0.000064 0.000511 0.000763 0.000783 0.000000 0.000038 0.000792 0.000046 0.000695 0.000740 0.000339 0.000111 0.000212 0.000059 0.000926 0.000108 0.001192 0.000127 0.000663 0.000158 0.000406 0.000125 0.001549 0.000081 0.001261 0.001528 0.000153 0.000000 0.000322 0.000307 0.000550 0.001513 0.004155 0.001578
 0.000113 0.000427 0.000822 0.000296 0.000000 0.000120 0.000649 0.000117 0.000351 0.000403 0.000357 0.000268 0.000358 0.000159 0.000413 0.000283 0.000476 0.000211 0.000750 0.000528 0.000529 0.000315 0.000674 0.000235 0.000988 0.000715 0.000240 0.000000 0.000588 0.001469 0.000852 0.000957 0.000553 0.001798 0.001058
 0.000237 0.000070 0.000026 0.000018 0.000066 0.000820 0.000028 0.000249 0.000030 0.000038 0.000059 0.000316 0.000108 0.000537 0.000045 0.000487 0.000026 0.000410 0.000059 0.000594 0.000212 0.000182 0.000045 0.000717 0.000056 0.000052 0.000414 0.000000 0.000700 0.000412 0.000297 0.000062 0.000660 0.000079 0.000052 0.000220
 0.000052 0.000541 0.000784 0.002132 0.000328 0.000042 0.000658 0.000075 0.002114 0.001194 0.001616 0.000101 0.000175 0.000061 0.001698 0.000089 0.002104 0.000177 0.000756 0.000126 0.000333 0.000098 0.001399 0.000091 0.001234 0.001975 0.000251 0.000000 0.000209 0.000198 0.000559 0.001686 0.000219 0.001326 0.002888 0.001073 0.000056
 0.000318 0.000081 0.000074 0.000080 0.000395 0.000491 0.000105 0.000401 0.000077 0.000105 0.000206 0.000418 0.000301 0.000652 0.000115 0.000574 0.000076 0.000463 0.000421 0.000628 0.000610 0.000688 0.000141 0.001200 0.000196 0.000148 0.000606 0.002732 0.000849 0.001132 0.000636 0.000297 0.000935 0.000446 0.000221 0.000699 0.001413 0.000218
 0.000404 0.000079 0.000071 0.000491 0.000366 0.000785 0.000089 0.000427 0.000190 0.000138 0.000752 0.000337 0.000380 0.000433 0.000171 0.000360 0.000106 0.000775 0.000136 0.000528 0.000333 0.000485 0.000147 0.000748 0.000178 0.000233 0.002079 0.000000 0.000913 0.000848 0.001194 0.000190 0.001211 0.000687 0.000318 0.000489 0.000980 0.000555 0.001249
 0.000379 0.000067 0.000039 0.000046 0.004191 0.001049 0.000052 0.000335 0.000051 0.000045 0.000081 0.000501 0.000180 0.001451 0.000068 0.002025 0.000047 0.000558 0.000083 0.000977 0.000311 0.000325 0.000071 0.001138 0.000080 0.000079 0.001040 0.004807 0.001350 0.000551 0.000372 0.000096 0.000877 0.000094 0.000154 0.000326 0.004667 0.000083 0.002378 0.001230
 0.000377 0.000378 0.000108 0.000150 0.001017 0.000357 0.000192 0.000388 0.000130 0.000131 0.000311 0.000842 0.000450 0.000731 0.000156 0.001240 0.000116 0.000571 0.000318 0.001078 0.000768 0.001340 0.000164 0.001204 0.000483 0.000251 0.000675 0.002154 0.001155 0.002278 0.001236 0.000372 0.001375 0.001102 0.000379 0.001126 0.002441 0.000311 0.002472 0.001629 0.002043
 0.000136 0.000508 0.000469 0.000430 0.000000 0.000169 0.000604 0.000266 0.000556 0.000568 0.000633 0.000367 0.000515 0.000359 0.000611 0.000505 0.000444 0.000381 0.001490 0.000487 0.001660 0.000525 0.000782 0.001631 0.001166 0.001228 0.000590 0.000000 0.000819 0.000869 0.002362 0.003642 0.000753 0.002948 0.001277 0.002216 0.000300 0.001068 0.001819 0.001057 0.000435 0.001867
 0.001494 0.000057 0.000079 0.000117 0.000370 0.000605 0.000107 0.001270 0.000151 0.000208 0.000498 0.000510 0.001292 0.000592 0.000347 0.000567 0.000359 0.001842 0.000156 0.000780 0.000387 0.000837 0.000192 0.001017 0.000148 0.000145 0.001608 0.000000 0.001690 0.001525 0.000571 0.000209 0.002251 0.000371 0.000410 0.000620 0.001538 0.000442 0.001839 0.002712 0.002087 0.002044 0.001017
 0.000050 0.000938 0.000990 0.000715 0.000121 0.000061 0.001037 0.000063 0.000661 0.000721 0.000266 0.000142 0.000153 0.000217 0.000722 0.000227 0.000935 0.000111 0.001642 0.000184 0.000770 0.000150 0.001460 0.000163 0.001856 0.002116 0.000106 0.004964 0.000313 0.000270 0.000556 0.002860 0.000190 0.001566 0.001863 0.001472 0.000084 0.002208 0.000464 0.000266 0.000276 0.000546 0.001992 0.000337
 0.000822 0.000149 0.000116 0.000135 0.000086 0.001563 0.000177 0.001189 0.000154 0.000237 0.000354 0.001076 0.000650 0.001937 0.000230 0.001529 0.000119 0.001438 0.000355 0.001692 0.002313 0.001724 0.000296 0.002907 0.000364 0.000305 0.001949 0.005945 0.002345 0.002890 0.001403 0.000451 0.002212 0.000971 0.000531 0.001072 0.003820 0.000278 0.005130 0.003255 0.006953 0.005618 0.002680 0.004469 0.000844
 0.000062 0.001941 0.001215 0.000781 0.000000 0.000050 0.001487 0.000051 0.000757 0.000732 0.000290 0.000219 0.000208 0.000203 0.000806 0.000583 0.001030 0.000130 0.001597 0.000288 0.000752 0.000215 0.001848 0.000154 0.003201 0.002720 0.000133 0.000000 0.000397 0.000346 0.001115 0.002943 0.000243 0.001639 0.002077 0.001868 0.000228 0.002189 0.000433 0.000280 0.000714 0.000981 0.002217 0.000440 0.006567 0.000629
 0.002121 0.000154 0.000147 0.000649 0.001223 0.001790 0.000184 0.002364 0.000526 0.000461 0.004719 0.001447 0.001569 0.001326 0.000665 0.001251 0.000407 0.004081 0.000318 0.001912 0.000927 0.001736 0.000364 0.002305 0.000448 0.000357 0.007182 0.000000 0.003280 0.003505 0.002257 0.000431 0.005533 0.001080 0.000714 0.001474 0.003498 0.002658 0.003874 0.013871 0.004303 0.004969 0.002476 0.014772 0.000590 0.010045 0.000862
 0.000072 0.001661 0.001918 0.001247 0.000537 0.000098 0.001999 0.000115 0.001450 0.001503 0.000421 0.000268 0.000290 0.000245 0.001467 0.000302 0.001692 0.000217 0.003097 0.000398 0.002144 0.000290 0.002456 0.000313 0.003410 0.003845 0.000284 0.000000 0.000580 0.000566 0.001552 0.005935 0.000364 0.003652 0.003200 0.002797 0.000209 0.004100 0.000758 0.000522 0.000225 0.000967 0.004391 0.000627 0.008909 0.002783 0.008742 0.001161
 0.000478 0.001924 0.003669 0.003327 0.000000 0.000104 0.002815 0.000325 0.003719 0.004707 0.001528 0.000396 0.002128 0.000245 0.005520 0.000349 0.010335 0.000709 0.003136 0.000487 0.001150 0.000457 0.006695 0.000377 0.004636 0.005245 0.000451 0.000000 0.001220 0.001122 0.001751 0.006578 0.000962 0.002698 0.013125 0.005133 0.000270 0.015313 0.000816 0.001002 0.000305 0.001257 0.004783 0.002699 0.008386 0.001482 0.009686 0.002805 0.017107
 0.001773 0.000506 0.000410 0.000712 0.000000 0.004448 0.000481 0.002191 0.000544 0.000526 0.002609 0.003648 0.002041 0.003408 0.000640 0.004172 0.000415 0.003053 0.000700 0.004722 0.002775 0.006426 0.000664 0.006721 0.001174 0.003071 0.003610 0.000000 0.005570 0.010686 0.022059 0.001379 0.007206 0.012018 0.001647 0.003134 0.002735 0.001198 0.009848 0.013458 0.003392 0.021527 0.008141 0.010028 0.001497 0.027762 0.001781 0.032871 0.002503 0.005116
 0.001413 0.000068 0.000125 0.000151 0.000223 0.002279 0.000249 0.001219 0.000071 0.000221 0.000269 0.001546 0.000941 0.002084 0.000272 0.001752 0.000110 0.002172 0.000252 0.002694 0.000839 0.007488 0.000268 0.002635 0.000252 0.000193 0.002504 0.000000 0.004304 0.001857 0.001162 0.000306 0.002794 0.000728 0.000373 0.001272 0.005957 0.000338 0.004607 0.003884 0.014667 0.003300 0.001494 0.007539 0.000776 0.011951 0.000923 0.017405 0.001169 0.001262 0.009693
 0.000140 0.002332 0.002396 0.001666 0.001055 0.000090 0.002628 0.000151 0.001536 0.001727 0.000865 0.000475 0.000629 0.000322 0.002358 0.000475 0.002563 0.000349 0.003389 0.000574 0.001572 0.002522 0.004657 0.000396 0.005162 0.004612 0.000466 0.000000 0.001084 0.001078 0.001537 0.005785 0.000798 0.004006 0.005516 0.003861 0.000407 0.005582 0.001120 0.000770 0.000279 0.001820 0.005505 0.000878 0.009105 0.001533 0.012630 0.002096 0.015667 0.023806 0.004255 0.006260
 0.007498 0.000487 0.000803 0.000484 0.003547 0.007816 0.000933 0.005529 0.000544 0.000613 0.001125 0.004800 0.003442 0.006183 0.000744 0.004845 0.000539 0.008753 0.000900 0.010918 0.003024 0.003111 0.000999 0.008920 0.000953 0.000473 0.008136 0.000000 0.015015 0.013865 0.003808 0.000986 0.013841 0.002383 0.000948 0.009532 0.027356 0.001339 0.017982 0.014782 0.036276 0.011995 0.005530 0.035032 0.001617 0.049025 0.002447 0.066676 0.003189 0.006345 0.027749 0.117116 0.004774
 0.000394 0.005209 0.001646 0.001365 0.000000 0.000421 0.002542 0.000470 0.001063 0.001465 0.001820 0.001539 0.001038 0.000836 0.001508 0.002081 0.001203 0.000774 0.003433 0.001972 0.003888 0.001492 0.002538 0.001310 0.005719 0.003853 0.001042 0.000000 0.002132 0.002812 0.005786 0.004095 0.001917 0.010562 0.003132 0.008098 0.002563 0.003611 0.003084 0.002767 0.001763 0.016274 0.011897 0.002343 0.007006 0.004952 0.014045 0.005425 0.012196 0.013433 0.022707 0.003354 0.020926 0.011930
 0.002244 0.001490 0.001832 0.002295 0.000000 0.000542 0.001888 0.002343 0.002094 0.003508 0.004650 0.001272 0.006520 0.001070 0.006558 0.001698 0.009758 0.004695 0.003205 0.002061 0.002785 0.002919 0.003759 0.001847 0.002843 0.002809 0.003319 0.000000 0.003974 0.004628 0.004888 0.003806 0.004238 0.009630 0.007756 0.011750 0.001324 0.010936 0.004169 0.005781 0.001544 0.005060 0.009282 0.024714 0.006390 0.007713 0.006163 0.023104 0.011779 0.065636 0.031796 0.006686 0.023061 0.029354 0.030166
 0.000822 0.001657 0.001701 0.001364 0.000000 0.000493 0.001950 0.000848 0.001419 0.001476 0.001990 0.002156 0.002217 0.001785 0.001944 0.002511 0.001750 0.001671 0.003766 0.003082 0.004516 0.016658 0.003006 0.002385 0.004840 0.001983 0.001626 0.000000 0.004019 0.005433 0.007411 0.004075 0.002922 0.006351 0.005952 0.007946 0.000946 0.004760 0.005093 0.003390 0.001721 0.008935 0.014261 0.005046 0.006702 0.010642 0.009296 0.011407 0.013874 0.018549 0.038168 0.047496 0.122115 0.021931 0.039010 0.055972
 0.000430 0.004763 0.002528 0.001837 0.000146 0.000669 0.004466 0.000456 0.001895 0.001559 0.002114 0.001780 0.001063 0.001727 0.002118 0.006419 0.002162 0.001017 0.005272 0.002401 0.005181 0.002039 0.004056 0.001307 0.009349 0.005005 0.000961 0.000000 0.002882 0.002615 0.007173 0.005744 0.002750 0.011388 0.004595 0.012959 0.002000 0.005209 0.003658 0.002704 0.005495 0.009420 0.013187 0.002770 0.017269 0.006633 0.052369 0.007130 0.020850 0.018789 0.016018 0.009417 0.029921 0.015608 0.092613 0.046683 0.058676
 0.001205 0.003836 0.003402 0.002651 0.013075 0.001636 0.004477 0.001835 0.002388 0.002896 0.004104 0.002942 0.003105 0.006079 0.003328 0.005535 0.002701 0.002078 0.007770 0.004001 0.013304 0.004027 0.005402 0.003817 0.008041 0.004249 0.002443 0.000000 0.006292 0.005849 0.013572 0.010023 0.002691 0.013685 0.005599 0.015680 0.002885 0.005790 0.010647 0.004866 0.010045 0.012856 0.025260 0.007151 0.034009 0.020628 0.026589 0.013640 0.033631 0.027303 0.036326 0.017199 0.043382 0.053732 0.075177 0.078269 0.093582 0.173315
0.030026 0.010114 0.016276 0.011009 0.000016 0.005716 0.018363 0.015376 0.004639 0.005322 0.003908 0.044432 0.008955 0.044407 0.027887 0.032847 0.017022 0.065730 0.014068 0.059298 0.003734 0.028774 0.017943 0.041486 0.022501 0.005072 0.008609 0.000002 0.065282 0.024612 0.001805 0.013011 0.009909 0.001456 0.005352 0.004269 0.007976 0.011569 0.038468 0.017917 0.005616 0.019257 0.005548 0.031093 0.013587 0.027473 0.012356 0.022602 0.008697 0.024706 0.008456 0.006455 0.011305 0.012437 0.004423 0.004665 0.005625 0.005026 0.005512 
