
 0.031013
 0.019747 0.023678
 0.021731 0.027036 0.039566
 0.029875 0.033680 0.016969 0.020001
 0.012328 0.013461 0.011281 0.014114 0.030677
 0.019036 0.021328 0.033826 0.043127 0.018261 0.017320
 0.031904 0.037508 0.023485 0.029213 0.035020 0.014879 0.023889
 0.037897 0.041528 0.043664 0.041768 0.030071 0.006510 0.039262 0.035230
 0.019957 0.026686 0.018256 0.019850 0.024924 0.032607 0.019226 0.026261 0.027095
 0.027352 0.031991 0.052145 0.076332 0.013203 0.014378 0.044772 0.034942 0.059602 0.021801
 0.023874 0.024026 0.045238 0.053965 0.015677 0.005827 0.043699 0.023935 0.034204 0.022624 0.071197
 0.012529 0.015332 0.008636 0.012717 0.023071 0.070407 0.015768 0.021994 0.008492 0.035903 0.009255 0.008353
 0.023215 0.026740 0.013409 0.022068 0.039491 0.047200 0.017313 0.028789 0.023475 0.026447 0.012736 0.014754 0.042553
 0.017838 0.023557 0.018829 0.024967 0.031679 0.027636 0.019699 0.024730 0.029456 0.019482 0.027988 0.025565 0.022387 0.027062
 0.018687 0.020784 0.012667 0.015546 0.029629 0.060096 0.019345 0.022301 0.010809 0.029694 0.012809 0.009996 0.055133 0.040674 0.024897
 0.015943 0.020865 0.019852 0.024735 0.023977 0.024362 0.019937 0.022888 0.027021 0.017994 0.032327 0.027993 0.025657 0.023744 0.016937 0.025058
 0.011929 0.014202 0.010869 0.012971 0.023734 0.072504 0.016366 0.015841 0.009788 0.035171 0.014171 0.009155 0.108463 0.044269 0.026626 0.058522 0.025858
 0.010754 0.012352 0.010652 0.013542 0.019896 0.072261 0.016115 0.014097 0.007656 0.031654 0.013421 0.010304 0.077136 0.042015 0.024298 0.056764 0.025894 0.078316
 0.020005 0.023611 0.038749 0.053460 0.022687 0.019679 0.039412 0.024701 0.044249 0.021164 0.069545 0.049297 0.015522 0.018844 0.024972 0.015625 0.023882 0.013223 0.015519
 0.021852 0.027120 0.012730 0.019341 0.035656 0.046373 0.016672 0.026496 0.021820 0.028442 0.014965 0.011567 0.047429 0.039300 0.028364 0.042704 0.023697 0.047709 0.047522 0.015226
 0.019137 0.024348 0.012405 0.014808 0.029967 0.046745 0.018907 0.025838 0.018012 0.024966 0.009026 0.008839 0.045202 0.037015 0.021295 0.039795 0.020684 0.042991 0.043620 0.013528 0.036329
 0.016325 0.017947 0.009543 0.010745 0.024996 0.058079 0.014065 0.020782 0.008854 0.031119 0.010065 0.010202 0.069338 0.036977 0.022062 0.049934 0.020399 0.065202 0.058517 0.014273 0.040935 0.035661
 0.021477 0.024992 0.043432 0.052792 0.017513 0.008204 0.040443 0.023850 0.050493 0.019066 0.067021 0.058735 0.006059 0.014147 0.022707 0.010883 0.023222 0.007843 0.008525 0.053530 0.012268 0.009713 0.007815
 0.023059 0.030056 0.026900 0.036073 0.027683 0.017835 0.026356 0.031404 0.036312 0.022679 0.040373 0.032248 0.016098 0.025333 0.021942 0.020280 0.021518 0.015638 0.018787 0.029740 0.024064 0.021858 0.016865 0.030764
 0.037398 0.042130 0.015064 0.019712 0.047777 0.018632 0.016327 0.050738 0.028588 0.028553 0.025441 0.013691 0.023116 0.035908 0.029615 0.027685 0.024639 0.027893 0.016584 0.017009 0.037080 0.032953 0.024902 0.013918 0.032266
 0.026558 0.027318 0.022459 0.028602 0.027755 0.035991 0.023406 0.031863 0.028389 0.030840 0.030920 0.021522 0.044011 0.033931 0.024487 0.037240 0.026538 0.038497 0.035030 0.022904 0.035941 0.034204 0.034945 0.024069 0.025615 0.036950
 0.012115 0.015434 0.010441 0.011529 0.021861 0.069854 0.013293 0.016817 0.009731 0.042346 0.009756 0.008327 0.088299 0.040849 0.024674 0.052615 0.023738 0.081148 0.080269 0.012615 0.046097 0.041746 0.073086 0.005470 0.016838 0.017044 0.037648
 0.033456 0.040341 0.012121 0.014906 0.041806 0.037410 0.015357 0.038407 0.030782 0.036040 0.014805 0.013409 0.048119 0.041194 0.028888 0.040809 0.027777 0.043375 0.043942 0.016691 0.044888 0.040845 0.049334 0.012655 0.030303 0.045827 0.039409 0.050484
 0.026915 0.031806 0.016355 0.021993 0.038780 0.017616 0.018122 0.034619 0.037142 0.022683 0.014384 0.018520 0.018810 0.033022 0.025170 0.025234 0.020077 0.018021 0.016412 0.016022 0.033797 0.025537 0.021047 0.019850 0.027345 0.044875 0.029522 0.018428 0.034822
 0.013134 0.014802 0.012520 0.014492 0.023510 0.077826 0.017965 0.016288 0.010037 0.036190 0.008403 0.009503 0.073512 0.046148 0.031572 0.064817 0.026693 0.080809 0.089166 0.016452 0.055644 0.045719 0.066481 0.008633 0.020420 0.017864 0.040239 0.071019 0.048869 0.021438
 0.025152 0.032001 0.030546 0.039606 0.033062 0.010100 0.028146 0.028611 0.045863 0.021108 0.044480 0.042639 0.010125 0.022937 0.025515 0.012561 0.020796 0.010444 0.007688 0.035899 0.026783 0.015170 0.010487 0.041344 0.028200 0.029864 0.024847 0.008813 0.019932 0.033341 0.011822
 0.020070 0.023825 0.030945 0.037380 0.022411 0.013555 0.029645 0.025368 0.035979 0.019380 0.057240 0.045753 0.014258 0.017217 0.020197 0.023325 0.019630 0.013110 0.011771 0.035791 0.017157 0.015097 0.012979 0.036063 0.026504 0.021281 0.024088 0.013495 0.019941 0.019787 0.014639 0.028676
 0.033120 0.037442 0.018545 0.023516 0.048297 0.016624 0.016794 0.034202 0.039376 0.025995 0.012778 0.018117 0.016116 0.036503 0.031856 0.022791 0.023243 0.014616 0.014089 0.017057 0.035125 0.027906 0.018569 0.021028 0.032021 0.053707 0.032123 0.014563 0.039915 0.046482 0.023432 0.037898 0.020982
 0.012661 0.015278 0.012243 0.011254 0.023361 0.065346 0.013640 0.015487 0.007681 0.031471 0.009034 0.007307 0.064790 0.037156 0.023572 0.056395 0.022623 0.068283 0.066429 0.012642 0.043815 0.040195 0.053103 0.006499 0.018814 0.018910 0.035077 0.067340 0.042705 0.020208 0.070716 0.010024 0.013871 0.018577
 0.011273 0.014247 0.012866 0.013331 0.023068 0.070726 0.015754 0.016298 0.011648 0.033943 0.013493 0.007137 0.080989 0.042044 0.025826 0.058914 0.025608 0.083576 0.075062 0.014106 0.055763 0.044614 0.063384 0.007402 0.016313 0.016152 0.037347 0.077956 0.043515 0.022336 0.079352 0.010423 0.012974 0.017780 0.063149
 0.027860 0.035795 0.016192 0.015569 0.041008 0.013084 0.014332 0.037062 0.032595 0.024896 0.007933 0.013574 0.013006 0.028205 0.023680 0.021238 0.020224 0.013399 0.012345 0.012740 0.029850 0.025997 0.018335 0.014212 0.028523 0.048276 0.031746 0.012513 0.041146 0.035858 0.013617 0.027423 0.018365 0.046263 0.017724 0.013251
 0.028409 0.029680 0.015153 0.017373 0.036273 0.042236 0.017822 0.033407 0.018126 0.029122 0.013916 0.024277 0.043665 0.042197 0.029513 0.043927 0.026974 0.050680 0.043598 0.017112 0.044524 0.039307 0.039553 0.014262 0.029143 0.043134 0.034586 0.045253 0.038722 0.038786 0.048121 0.025303 0.018599 0.038400 0.041425 0.043599 0.035325
0.067274 0.035938 0.028554 0.014394 0.025223 0.015231 0.028220 0.026094 0.006003 0.062121 0.003581 0.006750 0.013064 0.028967 0.066305 0.017556 0.081423 0.010593 0.016898 0.017317 0.026858 0.041530 0.029178 0.012830 0.042885 0.014434 0.014699 0.017667 0.012348 0.035343 0.009123 0.027898 0.036891 0.020121 0.022165 0.012395 0.036250 0.015880 
