
 0.059709
 0.019559 0.018132
 0.018128 0.021739 0.033684
 0.025141 0.029594 0.013376 0.014135
 0.059455 0.032480 0.019419 0.024158 0.024369
 0.019897 0.019250 0.029399 0.027518 0.029273 0.044375
 0.019862 0.018584 0.030530 0.044635 0.013879 0.018781 0.019084
 0.025724 0.029722 0.037261 0.049403 0.016350 0.025328 0.023230 0.043933
 0.041064 0.042977 0.017161 0.017925 0.040553 0.029414 0.029209 0.016697 0.020914
 0.019356 0.019782 0.023807 0.037973 0.010328 0.015900 0.016761 0.029518 0.039338 0.015640
 0.008611 0.016659 0.016112 0.025046 0.024524 0.031453 0.038635 0.017263 0.021317 0.021687 0.011185
 0.013770 0.014500 0.026852 0.027661 0.019336 0.027776 0.065667 0.025604 0.026049 0.018439 0.021315 0.032579
 0.021657 0.023350 0.019890 0.024492 0.020978 0.027620 0.031106 0.022002 0.027812 0.029877 0.016151 0.033473 0.027895
 0.043506 0.047143 0.021969 0.011272 0.028006 0.015591 0.007083 0.019315 0.026476 0.044515 0.019491 0.006852 0.011429 0.022275
 0.023578 0.020354 0.050819 0.025861 0.017089 0.021442 0.048557 0.026771 0.028933 0.022729 0.023377 0.019274 0.034355 0.022350 0.020441
 0.023060 0.021401 0.016742 0.025102 0.024651 0.026112 0.025488 0.018668 0.018468 0.027387 0.014941 0.025276 0.021051 0.025423 0.024041 0.018334
 0.028288 0.025235 0.028522 0.041323 0.014993 0.017232 0.013360 0.047490 0.041735 0.022052 0.032464 0.010908 0.020847 0.025597 0.036737 0.024686 0.020157
 0.029512 0.046767 0.018559 0.023992 0.029599 0.045778 0.048154 0.018877 0.028657 0.032648 0.017721 0.033530 0.028740 0.031336 0.014621 0.026258 0.025682 0.015356
 0.013196 0.017825 0.012502 0.021437 0.020785 0.029380 0.027419 0.015709 0.016592 0.018412 0.011516 0.029192 0.022422 0.021792 0.011266 0.014731 0.065959 0.012558 0.026211
 0.020036 0.018187 0.018947 0.019962 0.021911 0.080716 0.055127 0.019326 0.022975 0.018600 0.014570 0.035518 0.034635 0.028712 0.005967 0.025656 0.027874 0.008143 0.050851 0.028425
 0.063650 0.057400 0.016583 0.024419 0.028655 0.031372 0.022359 0.018695 0.023102 0.038774 0.015445 0.021180 0.013510 0.023027 0.041533 0.020443 0.025600 0.021718 0.026769 0.020553 0.020179
 0.044575 0.046889 0.020560 0.021027 0.020552 0.014807 0.005646 0.030034 0.030476 0.030460 0.024877 0.004988 0.005693 0.020201 0.123642 0.020830 0.020670 0.051866 0.012864 0.008756 0.004746 0.041357
 0.010707 0.012235 0.019450 0.016340 0.026715 0.024194 0.038814 0.016926 0.018633 0.025521 0.013891 0.032529 0.036840 0.026516 0.026935 0.021661 0.030269 0.012935 0.034860 0.022105 0.035153 0.012872 0.010171
 0.033165 0.027183 0.024157 0.029224 0.025345 0.024864 0.022640 0.025832 0.029859 0.032271 0.026674 0.018050 0.034376 0.033119 0.043925 0.026343 0.036133 0.043829 0.027786 0.019588 0.015642 0.021270 0.035889 0.044324
 0.018214 0.013591 0.032290 0.042892 0.012396 0.016792 0.020554 0.047127 0.042869 0.016030 0.030576 0.014580 0.028777 0.023619 0.016677 0.027517 0.018492 0.057327 0.018875 0.013357 0.016039 0.015179 0.020194 0.016585 0.031679
 0.027213 0.026029 0.019886 0.014207 0.028725 0.024609 0.020628 0.016293 0.018913 0.040718 0.017020 0.014902 0.028468 0.025926 0.149743 0.020562 0.031776 0.022669 0.029221 0.018416 0.020220 0.021377 0.026066 0.114355 0.098971 0.017430
 0.027674 0.029937 0.015833 0.016091 0.023321 0.022461 0.024279 0.015329 0.021202 0.035395 0.013272 0.027479 0.025236 0.028319 0.042748 0.019493 0.025810 0.022336 0.026135 0.018456 0.019225 0.027972 0.037569 0.027320 0.043950 0.015722 0.041766
 0.008408 0.010340 0.027326 0.040439 0.015003 0.021790 0.027238 0.049377 0.034697 0.012215 0.027539 0.027024 0.041675 0.029829 0.007195 0.027270 0.021787 0.032401 0.024998 0.019906 0.030339 0.012098 0.009657 0.028863 0.030643 0.049203 0.018837 0.015535
 0.045185 0.037838 0.021638 0.020997 0.023896 0.018306 0.010587 0.026943 0.033462 0.034033 0.026302 0.008663 0.015485 0.029194 0.103837 0.022484 0.025480 0.052500 0.017763 0.013133 0.005119 0.029376 0.098884 0.015049 0.105773 0.028464 0.066674 0.042220 0.012241
 0.006331 0.016517 0.015396 0.035712 0.021288 0.033327 0.041733 0.018884 0.020945 0.017131 0.010552 0.050980 0.030302 0.026579 0.006085 0.016485 0.023731 0.011419 0.027191 0.033774 0.031818 0.022806 0.005296 0.030305 0.013255 0.013230 0.013907 0.016673 0.028674 0.007257
 0.032115 0.028551 0.027609 0.022228 0.015891 0.014573 0.011625 0.027039 0.031331 0.030033 0.031454 0.008346 0.121012 0.022107 0.069550 0.024906 0.015560 0.046282 0.010626 0.009657 0.008060 0.018837 0.063774 0.010844 0.039433 0.028359 0.028355 0.033536 0.012320 0.063298 0.006032
 0.015748 0.017656 0.016083 0.017133 0.035221 0.038245 0.050942 0.015765 0.018629 0.053514 0.013125 0.039103 0.032285 0.030587 0.011664 0.023048 0.022997 0.011796 0.039981 0.027539 0.042602 0.017605 0.006808 0.046651 0.022306 0.014928 0.030454 0.024264 0.021550 0.011208 0.033043 0.009199
 0.024675 0.022381 0.020546 0.050913 0.025469 0.031184 0.035702 0.024027 0.025915 0.023033 0.019276 0.044613 0.038997 0.033913 0.008789 0.022280 0.032232 0.033685 0.029384 0.033235 0.027887 0.023785 0.014036 0.040326 0.063579 0.024139 0.025605 0.033498 0.030045 0.033577 0.061581 0.020356 0.027066
 0.019333 0.015342 0.025755 0.032866 0.025715 0.030325 0.037650 0.027760 0.028438 0.026238 0.023850 0.037442 0.043789 0.036455 0.017405 0.028590 0.037510 0.029349 0.037300 0.027449 0.034561 0.018107 0.016413 0.082028 0.097089 0.030434 0.056766 0.036906 0.047269 0.037678 0.032159 0.020445 0.032223 0.091185
 0.012985 0.019358 0.017424 0.055194 0.022152 0.047887 0.040255 0.022993 0.020238 0.016039 0.013175 0.064613 0.035897 0.032004 0.001503 0.016344 0.026168 0.019275 0.027692 0.038955 0.029008 0.026566 0.004579 0.014525 0.021190 0.020523 0.008434 0.022755 0.034201 0.012983 0.115896 0.008751 0.029445 0.111309 0.034471
 0.065665 0.065843 0.028857 0.016649 0.029596 0.029251 0.059997 0.022018 0.041788 0.051932 0.024289 0.009459 0.033467 0.023612 0.059940 0.046852 0.021661 0.026139 0.026501 0.013674 0.011454 0.042005 0.055302 0.010999 0.027868 0.017654 0.029878 0.031574 0.009688 0.050165 0.009525 0.040543 0.020540 0.017803 0.014939 0.010458
 0.008755 0.013604 0.018847 0.023181 0.026992 0.024853 0.041585 0.017997 0.018567 0.022580 0.012397 0.049220 0.031349 0.028537 0.011968 0.019648 0.029619 0.010337 0.034660 0.033352 0.037171 0.019570 0.006684 0.107200 0.023476 0.016055 0.036458 0.022380 0.030736 0.008786 0.075746 0.007409 0.043300 0.061766 0.058229 0.041837 0.010142
 0.035930 0.030722 0.015767 0.018016 0.022763 0.044200 0.030265 0.016582 0.022725 0.028998 0.013289 0.026435 0.023621 0.024084 0.024031 0.021907 0.023005 0.015511 0.038033 0.020978 0.040749 0.040225 0.016340 0.027066 0.025445 0.016314 0.026667 0.021167 0.018682 0.022409 0.020812 0.015616 0.031837 0.025253 0.027165 0.022523 0.025986 0.025463
 0.030088 0.036343 0.013974 0.017469 0.025847 0.028661 0.027964 0.015810 0.020294 0.029241 0.012219 0.021297 0.016764 0.020620 0.029467 0.019108 0.022239 0.017808 0.032409 0.018203 0.023883 0.035110 0.027404 0.020640 0.026387 0.013820 0.024392 0.020771 0.015723 0.026987 0.017669 0.016795 0.024503 0.024114 0.024235 0.020678 0.033227 0.021759 0.024073
0.025541 0.018357 0.050155 0.014212 0.054779 0.014841 0.011966 0.031596 0.020681 0.020678 0.078319 0.030432 0.013052 0.050417 0.007006 0.029150 0.021224 0.028678 0.023478 0.033178 0.020598 0.013673 0.014944 0.021021 0.011925 0.021804 0.011236 0.050898 0.032633 0.016219 0.026187 0.006617 0.021365 0.006172 0.012905 0.002256 0.008810 0.012961 0.045112 0.064921 
