
 0.063136
 0.147543 0.050519
 0.088745 0.050995 0.086144
 0.074979 0.046028 0.100082 0.062290
 0.076353 0.046432 0.120031 0.062773 0.075033
 0.103161 0.057956 0.112229 0.076723 0.088131 0.085837
 0.079764 0.126975 0.065283 0.079522 0.059910 0.052285 0.088751
 0.105120 0.060717 0.107639 0.094067 0.074842 0.075907 0.088324 0.071625
 0.065268 0.047594 0.083759 0.055346 0.064964 0.060877 0.073152 0.067833 0.067044
 0.053045 0.052969 0.054061 0.047449 0.045774 0.038769 0.060531 0.123991 0.048676 0.044844
 0.069776 0.112979 0.070942 0.067764 0.069774 0.071677 0.073714 0.115772 0.079275 0.074014 0.073226
 0.067400 0.124897 0.060677 0.060660 0.052487 0.051912 0.066109 0.150142 0.069252 0.053253 0.054513 0.136245
 0.066249 0.064030 0.072286 0.054721 0.064818 0.054094 0.078165 0.106428 0.063019 0.052433 0.049143 0.077744 0.069131
 0.112236 0.054615 0.135814 0.077084 0.069847 0.073395 0.086782 0.068097 0.098057 0.061771 0.046851 0.065165 0.061893 0.059816
0.054424 0.073339 0.035100 0.077326 0.066215 0.080859 0.051394 0.030918 0.060990 0.094642 0.116999 0.048352 0.050042 0.096357 0.063044 
