
 0.054600
 0.039283 0.060661
 0.117882 0.049504 0.101485
 0.095224 0.052941 0.124916 0.123174
 0.110289 0.050834 0.042361 0.111498 0.097895
 0.069885 0.053254 0.081793 0.075903 0.081416 0.061196
 0.063505 0.052683 0.076462 0.070094 0.072621 0.057725 0.064001
 0.045202 0.058087 0.061044 0.040533 0.049157 0.040056 0.050074 0.045277
 0.082422 0.062681 0.174301 0.075705 0.111841 0.068018 0.076566 0.072778 0.056475
 0.144123 0.066991 0.072354 0.109280 0.099531 0.097076 0.079048 0.070515 0.060217 0.091118
 0.049573 0.048337 0.058431 0.046109 0.045986 0.042418 0.045156 0.038986 0.050304 0.052616 0.069446
 0.074936 0.046054 0.112347 0.104901 0.085568 0.066567 0.074779 0.065010 0.045811 0.090999 0.077528 0.042364
 0.067385 0.049623 0.102475 0.078110 0.086899 0.080030 0.081941 0.059290 0.046137 0.100313 0.076163 0.042372 0.080337
 0.076801 0.050696 0.086355 0.063467 0.065272 0.070212 0.057154 0.049674 0.052066 0.099274 0.077822 0.048772 0.061953 0.063728
 0.088453 0.045451 0.064720 0.094074 0.084188 0.085698 0.066522 0.057413 0.046471 0.078092 0.091832 0.046320 0.069279 0.064009 0.062278
0.043768 0.089072 0.037721 0.039077 0.044073 0.047497 0.064818 0.093066 0.092570 0.037716 0.040350 0.114780 0.062965 0.066263 0.076697 0.049567 
