
 0.065116
 0.055237 0.062934
 0.105956 0.048711 0.050863
 0.060940 0.071949 0.055396 0.038178
 0.052641 0.059062 0.055262 0.040187 0.047346
 0.054617 0.051129 0.053477 0.041341 0.045636 0.045422
 0.087961 0.055415 0.022072 0.084459 0.053457 0.045320 0.047377
 0.052117 0.057764 0.057438 0.037808 0.112582 0.041323 0.041929 0.036022
 0.053626 0.045856 0.038034 0.048981 0.099219 0.031778 0.033328 0.055345 0.084165
 0.052128 0.046814 0.037459 0.049606 0.070155 0.032825 0.036623 0.057298 0.074378 0.070396
 0.048217 0.055804 0.039238 0.045865 0.088581 0.038233 0.035227 0.068293 0.039418 0.071493 0.090913
 0.059605 0.055839 0.064127 0.062886 0.062404 0.050698 0.052284 0.056375 0.071107 0.056550 0.070136 0.058937
 0.065097 0.076939 0.077439 0.046108 0.053746 0.059394 0.066535 0.044831 0.049960 0.038401 0.043672 0.038577 0.069123
 0.065467 0.051548 0.053284 0.059226 0.038851 0.043453 0.049252 0.049714 0.038525 0.030926 0.034543 0.033711 0.050455 0.075803
 0.047727 0.051360 0.059101 0.035060 0.050858 0.043271 0.048862 0.034667 0.047652 0.038588 0.031117 0.034876 0.045461 0.056226 0.049897
 0.053146 0.064710 0.081947 0.023011 0.063816 0.053853 0.059808 0.025072 0.051519 0.035655 0.039051 0.055339 0.062057 0.069574 0.044993 0.054474
 0.037000 0.046136 0.050086 0.042129 0.039679 0.035192 0.038493 0.047295 0.042945 0.050930 0.107540 0.120155 0.085195 0.044523 0.031464 0.030807 0.050557
 0.044830 0.044190 0.047056 0.041944 0.061529 0.035975 0.032797 0.055622 0.044143 0.093821 0.089530 0.140599 0.053344 0.044500 0.031543 0.035222 0.054919 0.139543
 0.066416 0.055006 0.073583 0.055357 0.045527 0.043827 0.045431 0.042813 0.042596 0.033420 0.037487 0.036589 0.054200 0.063065 0.065073 0.048371 0.058807 0.040601 0.039511
0.039353 0.042724 0.041766 0.049756 0.036002 0.087509 0.063430 0.049564 0.044122 0.060842 0.059264 0.043587 0.035227 0.042129 0.064060 0.056553 0.048588 0.034997 0.033552 0.066976 
