
 0.110819
 0.194041 0.114880
 0.136388 0.082416 0.118164
 0.157770 0.079212 0.123175 0.081826
 0.091640 0.090598 0.088671 0.067912 0.064442
 0.134024 0.083907 0.131981 0.087127 0.078897 0.071783
 0.185049 0.104397 0.145261 0.100242 0.094935 0.076959 0.094496
 0.115167 0.138723 0.115314 0.092755 0.089957 0.126487 0.106871 0.106914
 0.191048 0.143811 0.169789 0.138843 0.146016 0.130990 0.146467 0.160218 0.164054
0.054437 0.111003 0.066666 0.119600 0.132674 0.142876 0.134627 0.100715 0.081465 0.055938 
