
 0.037883
 0.023943 0.055491
 0.036782 0.080745 0.045993
 0.029403 0.010727 0.029151 0.006798
 0.042043 0.041723 0.018452 0.032656 0.025949
 0.068335 0.040203 0.033258 0.034608 0.033194 0.042658
 0.037579 0.033200 0.039751 0.033191 0.051420 0.026565 0.060805
 0.049931 0.033788 0.021147 0.045840 0.027533 0.038403 0.053629 0.028608
 0.022027 0.037569 0.031473 0.039829 0.032183 0.025940 0.029728 0.027028 0.026159
 0.034635 0.039841 0.025945 0.012993 0.053075 0.034810 0.030232 0.035456 0.032435 0.036190
 0.028395 0.056825 0.071207 0.054656 0.017940 0.016736 0.029900 0.034327 0.020103 0.033531 0.018607
 0.024429 0.030264 0.024302 0.016862 0.041160 0.022623 0.030662 0.034123 0.031495 0.030873 0.055005 0.021006
 0.028517 0.115738 0.059203 0.086025 0.015589 0.022184 0.032359 0.031244 0.037990 0.042641 0.028946 0.061476 0.037839
 0.018370 0.010609 0.017699 0.002801 0.051696 0.015786 0.015850 0.032806 0.025043 0.079884 0.046502 0.012915 0.042366 0.008382
 0.046879 0.040469 0.028722 0.043563 0.022672 0.032993 0.043135 0.027034 0.049517 0.022959 0.031077 0.025413 0.020729 0.029880 0.030415
 0.044860 0.047504 0.029911 0.044752 0.023916 0.040225 0.041613 0.027641 0.047816 0.022841 0.034746 0.026633 0.025777 0.030196 0.030552 0.062849
 0.020621 0.048975 0.049810 0.039645 0.026022 0.018537 0.026903 0.036498 0.022229 0.041038 0.028959 0.069136 0.028032 0.057428 0.010927 0.019192 0.021408
 0.025393 0.010582 0.028916 0.006176 0.064756 0.022875 0.029166 0.038044 0.020717 0.030541 0.049269 0.022447 0.038597 0.010803 0.039791 0.018278 0.021456 0.031334
 0.024168 0.048626 0.042757 0.028656 0.039059 0.017931 0.032581 0.046659 0.028680 0.031010 0.042398 0.039676 0.035634 0.046600 0.029845 0.021906 0.024249 0.051379 0.035257
 0.023634 0.011490 0.015184 0.012569 0.045490 0.024286 0.025222 0.036534 0.022897 0.036037 0.043264 0.010881 0.044684 0.014266 0.023084 0.014436 0.013871 0.033113 0.056000 0.047304
 0.028172 0.014535 0.018016 0.014958 0.051704 0.031220 0.026459 0.035214 0.037061 0.033579 0.061610 0.012155 0.054803 0.013801 0.063075 0.036307 0.036738 0.017148 0.044319 0.028788 0.050753
 0.031984 0.088167 0.056472 0.093485 0.018690 0.031079 0.039143 0.036442 0.030091 0.047775 0.027901 0.048958 0.036172 0.086339 0.012535 0.034494 0.033449 0.054750 0.015252 0.048848 0.069717 0.020413
 0.028687 0.006757 0.027762 0.008372 0.045542 0.017312 0.022551 0.041690 0.021249 0.030973 0.053337 0.012817 0.054468 0.013356 0.076372 0.027157 0.029458 0.018748 0.048419 0.042850 0.106387 0.091750 0.056215
 0.035428 0.036669 0.052442 0.032817 0.050387 0.027514 0.034168 0.054029 0.028573 0.031914 0.041091 0.047488 0.034102 0.037434 0.029324 0.028067 0.026563 0.044026 0.041984 0.038232 0.032493 0.032981 0.037146 0.037524
 0.033415 0.014599 0.030695 0.006524 0.046664 0.017723 0.021113 0.028673 0.028538 0.024847 0.045842 0.022631 0.046905 0.012900 0.064695 0.034877 0.031277 0.044971 0.053585 0.046263 0.030956 0.061111 0.016264 0.072549 0.038357
 0.031386 0.033178 0.032746 0.065535 0.040869 0.048339 0.048023 0.035635 0.051462 0.059486 0.055427 0.031636 0.055341 0.039780 0.013304 0.027359 0.034094 0.035995 0.040140 0.030293 0.071614 0.063845 0.053012 0.026345 0.040613 0.021903
 0.051759 0.041406 0.021484 0.036677 0.026198 0.050470 0.048939 0.027752 0.044171 0.025530 0.027066 0.022012 0.018147 0.025742 0.011869 0.047807 0.038973 0.019194 0.020295 0.019127 0.020200 0.018499 0.032379 0.008742 0.029133 0.006726 0.052476
 0.057432 0.040042 0.024674 0.034646 0.026838 0.045231 0.090452 0.035273 0.055194 0.027519 0.031608 0.021649 0.021849 0.030852 0.017203 0.050226 0.046939 0.020566 0.022936 0.025140 0.025619 0.030697 0.039231 0.027814 0.027134 0.027219 0.034979 0.059227
 0.037217 0.063445 0.077404 0.058540 0.049676 0.017696 0.032920 0.050213 0.025180 0.031525 0.020486 0.060427 0.020581 0.049648 0.021693 0.030746 0.030353 0.045275 0.019276 0.035356 0.011146 0.021405 0.051715 0.017205 0.049795 0.020080 0.029062 0.023775 0.025092
0.032270 0.019359 0.032439 0.036658 0.029165 0.067714 0.029450 0.023050 0.017521 0.033949 0.034430 0.036505 0.052004 0.025617 0.019961 0.046502 0.047822 0.041865 0.051851 0.040978 0.023457 0.025828 0.020853 0.018519 0.037408 0.021429 0.015087 0.047193 0.036901 0.034213 
