
 0.028961
 0.068657 0.014181
 0.040185 0.086069 0.015225
 0.063608 0.035945 0.062066 0.053912
 0.051488 0.027518 0.062161 0.042587 0.052749
 0.028609 0.036055 0.032250 0.035560 0.026862 0.025361
 0.032589 0.027645 0.048956 0.019375 0.035451 0.033332 0.049112
 0.051147 0.042572 0.044624 0.041597 0.053940 0.038943 0.040974 0.051324
 0.031408 0.071816 0.029957 0.055475 0.033347 0.027391 0.045529 0.051257 0.051932
 0.031299 0.040589 0.032324 0.039034 0.036757 0.029146 0.031699 0.058606 0.048724 0.045478
 0.040845 0.024631 0.056225 0.030497 0.040014 0.048175 0.047291 0.067335 0.049533 0.048670 0.042135
 0.036047 0.065855 0.017568 0.091621 0.053223 0.043541 0.020587 0.017379 0.038217 0.038048 0.034469 0.025464
 0.037224 0.020762 0.060541 0.019353 0.037993 0.049604 0.051480 0.055759 0.052133 0.038487 0.038505 0.068762 0.030659
 0.029194 0.037248 0.035905 0.024665 0.031737 0.029529 0.045120 0.052391 0.043781 0.045647 0.035183 0.061776 0.025253 0.057371
 0.031836 0.040804 0.043503 0.020476 0.031669 0.033330 0.052608 0.074474 0.049942 0.050290 0.047638 0.063361 0.020902 0.058935 0.057386
 0.033701 0.084492 0.023349 0.080661 0.037738 0.035821 0.032647 0.031159 0.039563 0.046545 0.043645 0.034505 0.072468 0.029737 0.034322 0.036810
 0.025943 0.020753 0.041643 0.015598 0.026615 0.029224 0.041581 0.055040 0.036749 0.037672 0.037564 0.052490 0.014013 0.053888 0.043977 0.053779 0.091313
 0.063097 0.029023 0.066787 0.042670 0.060932 0.064404 0.021263 0.030192 0.036976 0.026976 0.028643 0.037830 0.043075 0.037683 0.023648 0.028902 0.036914 0.025298
 0.061321 0.036695 0.035672 0.057575 0.070482 0.049706 0.009761 0.011092 0.030951 0.025511 0.026519 0.013547 0.057627 0.012020 0.011240 0.012205 0.044682 0.008164 0.062273
 0.099487 0.033049 0.051934 0.039271 0.064111 0.042644 0.028146 0.038422 0.062982 0.035484 0.036895 0.040429 0.037977 0.037570 0.031336 0.037266 0.034374 0.026297 0.047264 0.046818
 0.029768 0.086731 0.011826 0.091458 0.045003 0.028619 0.017537 0.040148 0.042856 0.057054 0.067859 0.019160 0.072219 0.013046 0.021658 0.026535 0.073029 0.015519 0.034152 0.051782 0.039396
 0.033839 0.096210 0.013854 0.124722 0.049945 0.034729 0.025593 0.021987 0.043410 0.059032 0.039489 0.029575 0.093733 0.023625 0.041243 0.027728 0.095165 0.016884 0.034029 0.048839 0.037279 0.090702
 0.027271 0.107435 0.010347 0.081112 0.039016 0.027032 0.016581 0.021864 0.042128 0.050315 0.050658 0.015322 0.068200 0.013066 0.020062 0.036313 0.070439 0.013362 0.029449 0.045794 0.034714 0.122702 0.087035
 0.032353 0.083027 0.021735 0.076602 0.049250 0.031130 0.026853 0.047586 0.054634 0.058038 0.061346 0.031829 0.064308 0.024581 0.033017 0.042373 0.063472 0.022956 0.032300 0.052316 0.040592 0.112869 0.080454 0.109056
0.035741 0.032355 0.044088 0.027903 0.034007 0.059330 0.065747 0.040830 0.031937 0.042873 0.057287 0.037464 0.045983 0.037604 0.053926 0.041511 0.018010 0.042932 0.052847 0.050567 0.038420 0.023227 0.027552 0.032455 0.025404 
