
 0.001410
 0.003255 0.054869
 0.002611 0.025967 0.028736
 0.000012 0.000000 0.000000 0.000029
 0.008034 0.000969 0.000519 0.001408 0.002662
 0.003643 0.065428 0.074615 0.044055 0.000813 0.003089
 0.032961 0.003149 0.003113 0.004105 0.007171 0.019941 0.002610
 0.000850 0.009052 0.011914 0.030913 0.000000 0.000949 0.010476 0.001409
 0.002068 0.010949 0.016200 0.019645 0.003252 0.000992 0.013529 0.007904 0.018162
 0.003411 0.003482 0.003419 0.014570 0.000000 0.002471 0.004279 0.005017 0.009940 0.007979
 0.043813 0.020480 0.014103 0.011630 0.003922 0.039686 0.020491 0.036856 0.012834 0.011965 0.025967
 0.030323 0.004192 0.005720 0.005215 0.057576 0.005501 0.005418 0.015039 0.006050 0.009337 0.013789 0.013052
 0.043681 0.010008 0.007174 0.009179 0.016327 0.072027 0.010336 0.047148 0.006646 0.008025 0.017940 0.052141 0.031668
 0.011372 0.041738 0.059958 0.072321 0.021071 0.004900 0.046726 0.015105 0.076562 0.111454 0.056760 0.009919 0.028765 0.008242
 0.031306 0.015584 0.008548 0.008632 0.020570 0.035677 0.014017 0.027500 0.007492 0.008635 0.019857 0.047447 0.027238 0.064339 0.009665
 0.006102 0.028146 0.049692 0.050240 0.000000 0.001361 0.032669 0.005182 0.046990 0.071118 0.023752 0.004619 0.016844 0.002906 0.078826 0.003923
 0.108548 0.011262 0.011361 0.016407 0.247793 0.082579 0.012646 0.124171 0.018921 0.031979 0.071698 0.050716 0.093772 0.054778 0.052435 0.043306 0.021698
 0.003203 0.051751 0.044032 0.034377 0.000000 0.002075 0.042809 0.004475 0.031065 0.030917 0.013431 0.008454 0.007815 0.007551 0.027990 0.008412 0.031525 0.005485
 0.060573 0.021251 0.022304 0.016710 0.046876 0.060193 0.040672 0.061719 0.015360 0.016003 0.033516 0.076832 0.056136 0.067197 0.017453 0.073092 0.011047 0.050857 0.022813
 0.002604 0.005553 0.004746 0.003235 0.000000 0.003591 0.005664 0.003326 0.004344 0.005263 0.006598 0.005413 0.005053 0.007132 0.005089 0.006239 0.003187 0.004070 0.007855 0.005897
 0.027919 0.006090 0.005946 0.005375 0.002817 0.008621 0.007066 0.024431 0.005959 0.005210 0.013710 0.041523 0.027223 0.034142 0.007678 0.040324 0.004614 0.026985 0.008263 0.037476 0.021731
 0.005188 0.041311 0.054516 0.044831 0.003716 0.002827 0.057377 0.004796 0.043615 0.046975 0.015040 0.009057 0.012073 0.004892 0.045855 0.006243 0.055798 0.006554 0.039554 0.008868 0.016637 0.006176
 0.043073 0.007708 0.005402 0.007641 0.076150 0.073990 0.008224 0.048277 0.006846 0.008909 0.019151 0.045726 0.031686 0.060555 0.010859 0.048098 0.005545 0.045339 0.016426 0.047802 0.043337 0.051878 0.008750
 0.003013 0.070386 0.047057 0.036419 0.000000 0.001803 0.057335 0.003437 0.042650 0.033304 0.017221 0.036857 0.009119 0.005891 0.033784 0.009708 0.034275 0.004670 0.047476 0.010665 0.023092 0.008534 0.062868 0.005253
 0.001134 0.022074 0.019277 0.027507 0.000000 0.004367 0.017818 0.001094 0.018724 0.011879 0.004652 0.002419 0.001453 0.001408 0.014015 0.001878 0.014941 0.001326 0.018707 0.002156 0.006840 0.001314 0.015079 0.001803 0.017839
 0.013402 0.001751 0.001701 0.006261 0.016908 0.013790 0.002252 0.013506 0.041306 0.003202 0.013297 0.011509 0.008183 0.011048 0.004838 0.007496 0.001579 0.019571 0.002367 0.011673 0.007227 0.008197 0.002325 0.013886 0.002505 0.002545
 0.000000 0.000000 0.000000 0.000000 0.000000 0.000000 0.000000 0.000000 0.000000 0.000000 0.000000 0.000000 0.000000 0.000000 0.000000 0.000013 0.000000 0.000002 0.000000 0.000000 0.000000 0.000000 0.000000 0.000008 0.000000 0.000000 0.000000
 0.086702 0.019000 0.019892 0.019813 0.069906 0.078207 0.029046 0.075086 0.020197 0.023276 0.040572 0.079117 0.074606 0.066083 0.025971 0.062572 0.016868 0.067362 0.022777 0.073304 0.056051 0.066943 0.047585 0.067653 0.029878 0.014701 0.068007 0.000000
 0.035853 0.009097 0.014236 0.006015 0.000000 0.011967 0.012596 0.034882 0.005666 0.007979 0.019870 0.037357 0.036422 0.032763 0.009201 0.036780 0.005607 0.030366 0.010426 0.047094 0.026185 0.049083 0.009139 0.033832 0.008802 0.005438 0.021226 0.000000 0.035348
 0.001422 0.003097 0.001905 0.003812 0.000000 0.009655 0.002199 0.001745 0.002194 0.001709 0.004120 0.002930 0.001637 0.002521 0.001941 0.002543 0.001345 0.001858 0.002420 0.002952 0.005305 0.002318 0.001708 0.002442 0.002689 0.013144 0.001376 0.000000 0.002389 0.002705
 0.002231 0.041397 0.046111 0.037263 0.000000 0.002449 0.040189 0.003385 0.038580 0.032014 0.012569 0.005626 0.006549 0.003898 0.030397 0.004662 0.030896 0.003841 0.062823 0.005421 0.016769 0.004615 0.037462 0.010186 0.038584 0.055678 0.003975 0.000000 0.005845 0.004064 0.014924
 0.018907 0.002699 0.002262 0.003560 0.001601 0.010663 0.003343 0.015359 0.002852 0.002709 0.009923 0.014801 0.012976 0.010577 0.004625 0.010368 0.002867 0.020073 0.003122 0.017060 0.007619 0.014021 0.004089 0.013588 0.003315 0.001785 0.014471 0.000000 0.020186 0.013806 0.007631 0.002582
 0.000616 0.003924 0.002748 0.005679 0.000000 0.003341 0.003570 0.000755 0.004611 0.002970 0.003681 0.001700 0.001494 0.001159 0.002801 0.001258 0.002225 0.000983 0.003801 0.001455 0.004538 0.000948 0.002817 0.001073 0.003135 0.016644 0.001128 0.000000 0.001439 0.000922 0.023295 0.003223 0.001022
 0.001746 0.010842 0.015733 0.014868 0.000000 0.000836 0.016361 0.001174 0.012370 0.013437 0.005913 0.002390 0.004083 0.001179 0.015914 0.002001 0.017483 0.002405 0.009957 0.002615 0.004974 0.001754 0.018749 0.001433 0.012222 0.014155 0.001897 0.000000 0.003366 0.002343 0.004056 0.012899 0.027869 0.010810
 0.002827 0.009477 0.018206 0.006056 0.000000 0.002554 0.012498 0.002645 0.005633 0.008065 0.006542 0.005010 0.005922 0.003105 0.006881 0.004553 0.006530 0.003364 0.010251 0.007726 0.007532 0.004458 0.008108 0.003145 0.009229 0.006563 0.002442 0.000000 0.005763 0.012062 0.006825 0.007572 0.004272 0.009474 0.006450
 0.011010 0.002977 0.000921 0.001089 0.001384 0.034298 0.001429 0.010488 0.000945 0.001569 0.002559 0.013268 0.004186 0.019946 0.001416 0.016307 0.000945 0.012767 0.001652 0.016368 0.005518 0.004508 0.001268 0.017892 0.001120 0.001187 0.008457 0.000000 0.013499 0.006270 0.004821 0.001117 0.009470 0.001628 0.000769 0.002556
 0.002401 0.022564 0.029845 0.079975 0.003716 0.001793 0.024355 0.003394 0.071037 0.042549 0.056308 0.004029 0.005855 0.002537 0.051647 0.002723 0.056631 0.005802 0.020306 0.003771 0.008186 0.002919 0.032230 0.002353 0.023359 0.038983 0.005811 0.000000 0.003885 0.003569 0.009464 0.026248 0.003369 0.020160 0.038754 0.011924 0.000838
 0.039199 0.010327 0.009284 0.009222 0.047537 0.058865 0.010871 0.044812 0.008192 0.009408 0.019973 0.045630 0.029814 0.064295 0.010863 0.052606 0.006268 0.039741 0.034127 0.047819 0.044544 0.047571 0.009716 0.073362 0.011067 0.007543 0.038312 0.238942 0.042910 0.049211 0.034330 0.013998 0.036820 0.018195 0.008751 0.026693 0.067436 0.006865
 0.026877 0.005333 0.004008 0.030771 0.043723 0.046241 0.005653 0.024418 0.009873 0.007821 0.042433 0.020868 0.019212 0.024101 0.008293 0.018529 0.004796 0.033022 0.005541 0.023623 0.013496 0.018617 0.005215 0.026744 0.004922 0.007193 0.064411 0.000000 0.025566 0.020275 0.030719 0.005105 0.025868 0.017566 0.006535 0.009586 0.023024 0.010194 0.024126
 0.007457 0.001146 0.000818 0.000968 0.050205 0.019269 0.001062 0.005708 0.000778 0.000778 0.001452 0.007621 0.002766 0.021575 0.000907 0.026730 0.000584 0.007579 0.001126 0.011232 0.003307 0.003263 0.000718 0.011463 0.000905 0.000520 0.006185 0.000000 0.010441 0.003270 0.002913 0.000867 0.005828 0.000692 0.000521 0.001412 0.031728 0.000468 0.012554 0.006753
 0.018549 0.016418 0.004977 0.005777 0.063241 0.017084 0.007850 0.017027 0.004151 0.004869 0.012549 0.035374 0.018469 0.030701 0.005691 0.043442 0.003954 0.019990 0.009811 0.032710 0.021222 0.035441 0.004397 0.031496 0.010395 0.005121 0.015362 0.109696 0.024817 0.037578 0.022269 0.006545 0.022611 0.017673 0.004750 0.018133 0.042450 0.003952 0.033304 0.022298 0.020833
 0.002791 0.009969 0.008262 0.007403 0.000000 0.002812 0.009164 0.004053 0.007539 0.008560 0.010213 0.006190 0.006752 0.006409 0.008223 0.006232 0.005259 0.004804 0.017922 0.005999 0.017365 0.005597 0.007570 0.017651 0.009137 0.008739 0.005512 0.000000 0.006529 0.006053 0.014930 0.026449 0.005093 0.016543 0.007757 0.013063 0.002243 0.005648 0.009656 0.005496 0.002079 0.007202
 0.084833 0.004148 0.004850 0.006479 0.015030 0.037840 0.005754 0.069657 0.006676 0.011573 0.029003 0.029241 0.063444 0.032514 0.017613 0.027517 0.015411 0.070170 0.006663 0.031730 0.015694 0.030908 0.006920 0.035319 0.004789 0.003780 0.047707 0.000000 0.042747 0.033842 0.016413 0.004843 0.047539 0.010397 0.007968 0.012276 0.035655 0.007357 0.033728 0.045075 0.029101 0.026120 0.014556
 0.002582 0.045435 0.047108 0.032016 0.020439 0.002934 0.044950 0.003325 0.027275 0.027936 0.011232 0.007171 0.006405 0.010478 0.027238 0.009300 0.029967 0.004169 0.052067 0.006355 0.021852 0.004982 0.039499 0.004974 0.042438 0.045891 0.002820 0.165857 0.007183 0.005012 0.011660 0.052410 0.003363 0.024547 0.027297 0.021730 0.002056 0.028837 0.007340 0.004171 0.003221 0.006075 0.020694 0.003224
 0.029625 0.004609 0.003998 0.004496 0.002736 0.054695 0.005295 0.040362 0.004566 0.005548 0.011617 0.034630 0.020182 0.055706 0.005974 0.041747 0.002617 0.036344 0.008261 0.038879 0.057121 0.036123 0.005506 0.055624 0.005372 0.003840 0.033048 0.192028 0.035149 0.037180 0.021784 0.006598 0.027332 0.009789 0.005199 0.012950 0.051419 0.002705 0.051395 0.033830 0.050076 0.038996 0.020554 0.029067 0.007541
 0.002515 0.063062 0.037271 0.023499 0.000000 0.001748 0.041593 0.001733 0.020408 0.017953 0.008937 0.006362 0.005766 0.005848 0.020114 0.015630 0.021318 0.003170 0.033895 0.006382 0.014393 0.004627 0.033666 0.003160 0.046131 0.042099 0.002118 0.000000 0.005851 0.004386 0.012851 0.035512 0.002838 0.018492 0.021208 0.019390 0.002663 0.020185 0.004656 0.002589 0.004451 0.006666 0.014399 0.002237 0.056241 0.002487
 0.041880 0.003519 0.003448 0.012889 0.045512 0.036551 0.003547 0.044578 0.009389 0.008240 0.085951 0.027247 0.025371 0.024937 0.010494 0.020826 0.005120 0.053151 0.003978 0.026450 0.009232 0.022086 0.004135 0.027107 0.004656 0.003222 0.070287 0.000000 0.028900 0.027154 0.019967 0.003625 0.036478 0.007869 0.004564 0.010596 0.026060 0.016917 0.023934 0.074473 0.021515 0.021204 0.011342 0.049414 0.003437 0.023958 0.004023
 0.001674 0.032619 0.034155 0.021732 0.007415 0.001796 0.033013 0.002376 0.019881 0.022859 0.006548 0.004848 0.004378 0.004154 0.021717 0.004574 0.020798 0.003086 0.037972 0.004608 0.026352 0.003393 0.025118 0.003826 0.029831 0.034609 0.002880 0.000000 0.004977 0.004099 0.012266 0.041577 0.002691 0.022334 0.019379 0.016403 0.001814 0.019837 0.004202 0.002774 0.001276 0.003529 0.017786 0.002143 0.043686 0.005902 0.034023 0.001532
 0.012750 0.042697 0.074338 0.065451 0.000000 0.002004 0.051463 0.007206 0.066867 0.085950 0.029580 0.008384 0.035794 0.005023 0.086405 0.006307 0.131918 0.011861 0.044901 0.007846 0.014006 0.006678 0.077289 0.005282 0.045026 0.053676 0.005939 0.000000 0.012241 0.009581 0.015356 0.052991 0.007509 0.022755 0.088545 0.038123 0.002257 0.087681 0.005445 0.006595 0.001699 0.006619 0.019975 0.011758 0.047595 0.004172 0.041217 0.005962 0.050412
 0.010204 0.002186 0.002018 0.003089 0.000000 0.021588 0.002154 0.010899 0.001612 0.002189 0.008241 0.017974 0.009312 0.016827 0.002610 0.016485 0.001557 0.011523 0.002489 0.016813 0.009207 0.018567 0.001574 0.018931 0.002539 0.006835 0.010411 0.000000 0.013410 0.019407 0.045779 0.002332 0.011771 0.023169 0.002454 0.004251 0.005677 0.001605 0.015112 0.018752 0.003498 0.022858 0.007851 0.009382 0.001910 0.016644 0.001983 0.013224 0.001608 0.001811
 0.010255 0.000552 0.001161 0.001015 0.000398 0.016669 0.001351 0.008009 0.000494 0.001068 0.001985 0.009609 0.004973 0.012407 0.001596 0.009098 0.000693 0.011150 0.001396 0.012058 0.003574 0.030098 0.001252 0.010895 0.001175 0.000290 0.008996 0.000000 0.012681 0.004715 0.004509 0.001028 0.007529 0.001590 0.000943 0.002595 0.017591 0.000767 0.009777 0.007638 0.021918 0.004853 0.002893 0.009757 0.001359 0.010188 0.001093 0.009290 0.001256 0.000979 0.003118
 0.002183 0.030547 0.031469 0.021063 0.004814 0.001670 0.031682 0.002305 0.020530 0.020739 0.010979 0.006789 0.006799 0.004207 0.024250 0.005834 0.023053 0.003677 0.030244 0.005643 0.012618 0.021476 0.035539 0.003312 0.033234 0.027551 0.003861 0.000000 0.006555 0.005250 0.009877 0.029398 0.003785 0.018829 0.023155 0.017158 0.001563 0.021361 0.004634 0.003310 0.000884 0.004686 0.015693 0.002832 0.032412 0.002487 0.033810 0.002285 0.030388 0.025489 0.003029 0.008697
 0.030105 0.002299 0.003859 0.002079 0.032217 0.031823 0.003573 0.021384 0.002079 0.002213 0.004901 0.017876 0.011373 0.021781 0.002645 0.015795 0.001444 0.025385 0.003216 0.028191 0.007908 0.007463 0.002710 0.021378 0.001988 0.001122 0.017027 0.000000 0.027098 0.019012 0.006108 0.001827 0.020071 0.003641 0.001606 0.013376 0.043462 0.001626 0.023705 0.017773 0.034292 0.010231 0.004998 0.025343 0.002127 0.022994 0.002194 0.021702 0.002076 0.002478 0.005761 0.040571 0.001791
 0.002083 0.026086 0.007039 0.005955 0.000000 0.001965 0.010880 0.002132 0.004737 0.005567 0.007032 0.007054 0.003878 0.003911 0.006139 0.008058 0.004109 0.002887 0.010400 0.006180 0.011306 0.004245 0.006596 0.003964 0.012306 0.008254 0.002958 0.000000 0.004734 0.005405 0.010883 0.007440 0.002848 0.015001 0.005173 0.013942 0.004743 0.004474 0.004923 0.003955 0.001901 0.015866 0.011797 0.002021 0.008870 0.003363 0.013885 0.002162 0.007415 0.004675 0.004497 0.001435 0.009539 0.001736
 0.007979 0.004351 0.006076 0.006205 0.000000 0.001754 0.005091 0.007340 0.006265 0.009658 0.011372 0.004084 0.015885 0.003264 0.016248 0.004478 0.019876 0.010849 0.006471 0.004403 0.005176 0.005545 0.006621 0.003617 0.004225 0.004192 0.005243 0.000000 0.006075 0.005243 0.005790 0.004009 0.005041 0.009649 0.007854 0.010286 0.001840 0.009149 0.004045 0.004927 0.001284 0.003845 0.006759 0.014098 0.004724 0.003155 0.004135 0.006215 0.004419 0.015057 0.003367 0.001627 0.006513 0.002337 0.005100
 0.003783 0.005424 0.006508 0.004984 0.000000 0.001580 0.006833 0.002827 0.003881 0.004994 0.007788 0.007903 0.006081 0.005957 0.006163 0.007678 0.004346 0.004642 0.008475 0.008019 0.008893 0.036613 0.006955 0.005469 0.008374 0.004253 0.003463 0.000000 0.006949 0.007543 0.010307 0.005307 0.004191 0.007683 0.006214 0.009646 0.001307 0.004873 0.005672 0.003740 0.001606 0.006928 0.010070 0.003919 0.006650 0.004533 0.007106 0.003230 0.006691 0.005143 0.005861 0.014906 0.042064 0.002144 0.009514 0.008274
 0.001851 0.017133 0.008730 0.006441 0.000000 0.001878 0.013200 0.001645 0.005761 0.004841 0.006635 0.005910 0.003459 0.005608 0.006121 0.017818 0.005002 0.002538 0.012344 0.005652 0.011077 0.004437 0.008435 0.003218 0.015054 0.009199 0.002066 0.000000 0.004518 0.004017 0.012695 0.008121 0.003723 0.015151 0.004729 0.013834 0.002633 0.005009 0.004071 0.002844 0.004568 0.007145 0.010062 0.002036 0.015718 0.003464 0.038833 0.002249 0.011133 0.005187 0.002763 0.002904 0.010822 0.001678 0.022891 0.006785 0.009125
 0.003601 0.009997 0.007522 0.007070 0.027445 0.004202 0.010668 0.003620 0.005400 0.005759 0.009165 0.007314 0.005960 0.014642 0.006947 0.011138 0.004587 0.004194 0.013031 0.007970 0.018355 0.007175 0.007659 0.006107 0.009651 0.005062 0.003930 0.000000 0.007178 0.005863 0.013113 0.009360 0.003366 0.011179 0.005369 0.012003 0.003197 0.004099 0.008237 0.004111 0.006078 0.006941 0.012637 0.003555 0.023968 0.006490 0.012476 0.002825 0.011471 0.005795 0.004130 0.003485 0.010324 0.003803 0.013379 0.007181 0.010965 0.022125
0.030026 0.010114 0.016276 0.011009 0.000016 0.005716 0.018363 0.015376 0.004639 0.005322 0.003908 0.044432 0.008955 0.044407 0.027887 0.032847 0.017022 0.065730 0.014068 0.059298 0.003734 0.028774 0.017943 0.041486 0.022501 0.005072 0.008609 0.000002 0.065282 0.024612 0.001805 0.013011 0.009909 0.001456 0.005352 0.004269 0.007976 0.011569 0.038468 0.017917 0.005616 0.019257 0.005548 0.031093 0.013587 0.027473 0.012356 0.022602 0.008697 0.024706 0.008456 0.006455 0.011305 0.012437 0.004423 0.004665 0.005625 0.005026 0.005512 
